5554352352352351525235239832532121114590234184112223253212115555235152523523983253212
67213451235923485212482592398511111
2222222222222224102418411222222222224111111111142341359282011111532532121112222411111111114352352352351525235239832532121
5235235236721345123253212111435235235235152523523983252398590235825212415972035235235232142365236923485212482592398511111
22222241122222222222411111111220111


4112222222222241111111112325321211143523523523515252352398325321211145902341841122232
23515255232142365236923485212482592
114590234184112223223411222222222224111111115972035235235232142365236925152523523983253212111459023418411222325321211252352
1111423413523523515252352151111423413552222241012112523528201111153253212555512111455552351525235239832532121114590234184
02341835235235152541125555321255235
2352351525235215252352222241024184112222222222241111111111423413592820111115325321211
